50000 

[-0.7288250249718166, -1.7583180938129523, -1.1079831242835148, -1.527422116286364, -0.620468979506334, -1.1711369338255282, 0.8053016850472661, 1.962949182139743]
[-0.2662560968725718, -0.2637919394838303, 0.3294925824023008, -0.03920134299854737, -0.6813025211091829, 0.9888349688699778, -1.4865142356637129, -1.495616975458005]
[4.453931298378713, 1.3938675216389262, 1.6173771995120965, 0.09975616252959449, 1.0136179593589545, -2.44749664028734, -2.45981471755642, -2.919518739966159]
[0.7531948020816092, 0.36152641501661664, 0.7853994133686846, -0.3700594444762331, -0.5166262349595796, -2.780717360612117, 0.5266615076737706, -0.06319658250877673]
[0.6557733360667553, 1.3175793291492723, 0.10502329085531158, -0.4695004758520163, -0.6371119030931462, -0.036121076472637514, -0.6635855828598051, -0.0746143145136032]
[1.3310368819775489, -0.29427847576128696, -0.4365641504515402, -0.22842896661735132, -0.04021097057428485, -1.1532323521180907, 1.0280651072357232, -1.8742856553506888]
[1.7349068780952397, -0.773111114290588, 1.4153103926811517, 0.7280136528189238, 0.5404073261396215, -0.47113058977467526, 0.12828685090348016, -1.7188761750707815]
[0.7327376218036459, 0.3449452441824073, 0.826635146236729, 2.628119980613607, 0.44261417756085886, 0.7418688075807885, 0.961711839741591, -0.6188374784576012]


415039463]


